[cta-bg.jpg]
filters=tilt=1,0.960397,0.000000;finetune2=1,0.485380,0.000000,0.149020,00000000,0.216374;
backuphash=61016
text=1;133;9;Thalapthy;Andalus;0.370224,0.532282,0.072222,0.000000;v1,4294967295,4278190080,128.000000,1.000000,0.250000,1.000000,700,258,49153;;
textactive=1
